0.000000000000000000e+00,3.787619204462355862e-11,3.128354797821688127e+00,8.333333250000002313e-04,8.333333092991340844e-12,9.053397175996905077e-02,0.000000000000000000e+00,0.000000000000000000e+00,-5.059644256269407236e+01,0.000000000000000000e+00,0.000000000000000000e+00,0.000000000000000000e+00,0.000000000000000000e+00,0.000000000000000000e+00,0.000000000000000000e+00,0.000000000000000000e+00,0.000000000000000000e+00,0.000000000000000000e+00,0.000000000000000000e+00,0.000000000000000000e+00,0.000000000000000000e+00,0.000000000000000000e+00,0.000000000000000000e+00,0.000000000000000000e+00,0.000000000000000000e+00,0.000000000000000000e+00,0.000000000000000000e+00,1.666666666666666574e-01,0.000000000000000000e+00,0.000000000000000000e+00,0.000000000000000000e+00,0.000000000000000000e+00,0.000000000000000000e+00,4.606423319938054983e-02
0.000000000000000000e+00,3.787619204462355862e-11,3.128354797821688127e+00,8.333333250000002313e-04,8.333333092991340844e-12,9.053397175996905077e-02,0.000000000000000000e+00,0.000000000000000000e+00,-5.059644256269407236e+01,0.000000000000000000e+00,0.000000000000000000e+00,0.000000000000000000e+00,0.000000000000000000e+00,0.000000000000000000e+00,0.000000000000000000e+00,0.000000000000000000e+00,0.000000000000000000e+00,0.000000000000000000e+00,0.000000000000000000e+00,0.000000000000000000e+00,0.000000000000000000e+00,0.000000000000000000e+00,0.000000000000000000e+00,0.000000000000000000e+00,0.000000000000000000e+00,0.000000000000000000e+00,0.000000000000000000e+00,1.666666666666666574e-01,0.000000000000000000e+00,0.000000000000000000e+00,0.000000000000000000e+00,0.000000000000000000e+00,0.000000000000000000e+00,4.606423319938054983e-02
2.751146310962901062e-02,2.926575433459218606e-09,2.512948245639723410e+00,4.881017296684865281e-01,2.987558880287516372e-01,1.733392165830744736e+00,2.525698056061713159e-01,0.000000000000000000e+00,-4.553257534408147222e+01,4.458263430451362974e-01,3.224092286128735774e-01,3.969214135788284303e-01,2.457705266759068474e-01,8.619347151714851218e-02,1.215520153152484933e-01,-3.791357875277463763e-02,-5.582306991810759983e-02,2.037433448515963974e-01,-6.729823710420321237e-02,-1.031867809024609589e-01,8.574192865946716688e-03,1.349040546019250348e-03,9.228989475067592629e-04,1.257919641381564924e-02,1.845242745764352158e-03,2.147850669045107269e-03,1.229574115052878237e-03,1.764584070863841475e-02,1.217384338767900191e-03,2.497442586333142953e-03,1.892890425057120731e-03,1.602673946962354656e-02,1.311266971167029342e-03,6.089615960127561269e-03
8.420175072947061468e-02,2.207178371306062228e-08,2.085924814601678889e+00,4.390247600393205607e-01,3.173106254288173833e-01,1.804269030444357824e+00,1.151597392147703063e-03,8.416666666666666741e-02,-4.327628540001005319e+01,1.430363129676145650e+00,7.863975671125568168e-01,6.126530686339718423e-01,1.135956817139754105e-01,1.247568883288686509e-01,1.926248180417305111e-01,1.786546652736419050e-01,2.384976055406878154e-02,2.729135757921625355e-02,9.654118848000828312e-02,5.919696010231591081e-03,-1.223755400636939578e-01,4.644163107553376559e-03,1.067984176337563379e-03,1.074325365425901346e-01,2.363413127932208636e-03,2.175204195062048138e-03,1.089702325867722898e-03,9.321560204317159981e-02,4.184931394895698847e-04,1.799086674052378454e-03,3.696975310965237849e-03,5.556514533934269612e-02,6.267686858737621771e-04,3.775953936985429471e-02
9.962484368486869413e-02,4.850595280067250037e-08,3.077432191552361918e+00,4.347522413141655107e-01,3.173418136797431788e-01,1.682181788246261744e+00,6.268694087350353515e-04,3.375000000000000222e-01,-4.214932951000107408e+01,1.310698569395821744e+00,6.673790264644885450e-01,5.720467136154518961e-01,-7.849176505202726251e-02,1.866737822572646366e-01,2.775499162361761418e-01,9.791826283975561818e-02,6.948105510025102960e-02,1.436235519729506943e-02,-3.534470724047102802e-02,8.132415160553931044e-02,6.248302683517578671e-02,1.561860241124146459e-03,8.305727973359980235e-04,1.696685257518027456e-01,1.791650027569946643e-03,2.356974824543354996e-03,2.633023064485065252e-03,1.142816426998983087e-01,3.915661504589414599e-04,8.847605377013175593e-04,6.400139388722672108e-03,8.450250505143008448e-03,1.146587932241536481e-03,5.319168357231864736e-02
1.496456857023759912e-01,6.958799775828008382e-08,2.756435343677502647e+00,4.469204678346641035e-01,3.185225266636970698e-01,1.463778683540830627e+00,6.921364427390273941e-04,3.074999999999999956e-01,-4.283588465799051193e+01,1.213374110938728379e+00,8.658387783813538130e-01,4.595823077545323487e-01,4.799094827515769657e-01,3.808241693470016953e-01,4.170228050762148642e-01,4.779255916578124819e-02,-1.630153032757676243e-02,6.087155001739091853e-02,1.066824130482977445e-01,-3.558563904469436157e-02,2.047029437369561888e-01,6.386767161202654315e-04,1.754558853774593695e-04,2.007011976044339174e-01,1.029890972096421473e-03,2.181708011215855152e-03,7.422773921191375699e-04,1.152846626504588218e-01,4.963840407797701819e-04,6.944222819706277142e-04,7.664907597329141545e-04,2.921714062033471671e-02,4.168741773331159856e-04,6.061344163760612469e-02
4.168403501458941424e-02,1.490891462850575624e-08,2.888072852911602428e+00,4.530320292192531184e-01,2.961289602117306297e-01,2.382186906464899945e+00,1.694846652563737491e-03,3.074999999999999956e-01,-4.394793470537420177e+01,3.694464516639477392e-01,2.571186921976477135e-01,3.931590986538766597e-01,2.780203779998889901e-01,7.353297874173263526e-01,6.037484522087341876e-01,1.508736318039656799e-01,2.226004721798552077e-01,1.892104731287157920e-02,4.178624980069205186e-02,1.007217203806916872e-01,1.540638622033062011e-01,1.096254600034244145e-03,9.128386193280988055e-04,6.940355047234779418e-02,5.647529410434195835e-04,3.012569586949467859e-03,8.086482229939505892e-04,5.745860667011043477e-02,6.866967296410169709e-04,1.117866132157914732e-03,1.673495384571168200e-03,1.429256073518063658e-03,6.670157769507325607e-04,2.332961981116347949e-02
3.584827011254689694e-02,3.879458956345288663e-09,2.613421845189961346e+00,4.714578807438193353e-01,2.925656997894074962e-01,1.931151372463827176e+00,6.238918476071893043e-04,0.000000000000000000e+00,-4.522941216955410937e+01,3.810978709056018210e-01,3.636804944912451210e-01,-6.560083438552549717e-02,-2.364004396202895042e-01,3.029581256366219513e-02,3.667992087056825556e-01,1.734276786772424861e-01,-6.229914775366793278e-02,-1.298074323907218164e-01,-4.650331736467722132e-02,9.666053613942098000e-02,2.556189110501752570e-01,1.651223213785534905e-03,2.857410984404525674e-03,2.656805945434582983e-02,2.354210349297506093e-03,2.798741294782939801e-03,2.605133630930121444e-03,2.546914535804183782e-02,1.505693080826358632e-03,6.807488716728402533e-04,1.237890180163221101e-03,2.546136492703724667e-03,1.456944417215441613e-03,8.989247291710182608e-03
4.668611921634013839e-02,6.332905741422172712e-09,2.710915191524392309e+00,4.448687070117849918e-01,3.089902223966124462e-01,2.078568525767940489e+00,6.082312938424329005e-04,1.916666666666666519e-02,-4.355732521653420264e+01,8.039262522204050354e-01,-2.830942912621717822e-01,-4.979207127049232740e-01,-3.047646205787676865e-01,9.493777465643535307e-02,3.723637103661183168e-01,-1.603977789996239023e-01,-1.771136438294299842e-01,-3.913343324238270360e-01,-2.417644691032999615e-01,3.170154798405893093e-01,2.874366123439531795e-01,1.421029297949720754e-03,2.646798357036884118e-03,7.522211758659765220e-03,1.203854757840967966e-02,1.739065086590368958e-02,1.278054415346511347e-02,1.035787339671503243e-02,3.225974526920085631e-03,1.449027589410776780e-03,3.572479208528928432e-03,1.948251098171040543e-03,1.501337265599212269e-03,5.286947007977721089e-03
7.586494372655272489e-02,1.198720928953457933e-07,2.004015370944832064e+00,2.850730354162963054e-01,2.748405922309313798e-01,1.692483246506464312e+00,1.314087493879814456e-03,1.716666666666666619e-01,-3.925785466961627890e+01,8.017741101922859492e-01,4.451208338548087902e-03,-1.115138360478587165e+00,-3.255309205101686310e-02,-1.500185497880542063e-01,1.535848493917372215e-01,-1.858539022009386976e-01,-3.037885465562777942e-01,4.455082284533832815e-01,-2.428782447750230944e-01,2.770298283001027539e-01,4.849826005940294227e-02,3.752688013616080603e-03,5.524253604295877029e-03,6.430296272808812275e-03,5.976651255296520394e-03,2.815946710034351354e-03,1.002875036588300392e-02,2.224248884948009514e-02,4.014597324935479522e-03,1.302920558034209933e-02,4.303222310810380681e-03,8.501379394179579482e-03,8.196887273835310253e-03,5.160600093866386448e-03
9.503959983326386307e-02,3.503764899847511586e-06,1.584607964868769647e+00,1.988322061367842897e-01,2.117418112504733108e-01,1.318536951986261307e+00,1.577857736979654821e-03,1.916666666666666796e-01,-3.531038650330182804e+01,1.234256093511072461e+00,-2.191978654018337525e-01,-1.575674691157522789e+00,-4.978573481108364285e-01,-6.151601653437577255e-01,3.154670403342508811e-01,-6.641790869960113586e-01,-5.213309505989431880e-01,2.584155617619988132e-01,-5.725964456561128957e-01,2.091271292127460379e-01,-9.129939642484211082e-02,4.563476695869689466e-03,1.397117188597696465e-02,5.803538899605353331e-03,1.193473958450105843e-02,2.801772483860603957e-02,1.741784751408324144e-02,1.837409021258664191e-02,6.707376148392196237e-03,1.082599370054524585e-02,1.192854561893869460e-03,4.033722900113224409e-03,3.653661071582220941e-03,7.516165714083097339e-03
1.062942892872029976e-01,2.628721457620017147e-07,3.192402327239832971e+00,2.793476014598887947e-01,2.792255361817897463e-01,1.501828009650993057e+00,1.602026509883997104e-03,1.841666666666666730e-01,-3.817906350998323006e+01,7.024577276884435006e-01,-2.715241266422979693e-01,-1.187304363578248090e+00,-6.228255411357358495e-01,-2.773634282773165260e-01,7.593210168304777297e-02,-3.753121196039976848e-01,-2.828352434594549880e-01,1.682687721149572213e-01,-3.296941033968955187e-02,2.409830694229016523e-01,1.618469213339737423e-01,3.365358236416795580e-03,3.311590801185228944e-03,7.767172646541423836e-03,1.053359756129362140e-02,8.438720852095227959e-03,6.277690754786026915e-03,1.842767968220956551e-02,6.826294665662958894e-03,3.083644338688710379e-02,2.915887474171583761e-03,1.219704930733343101e-02,9.693748854466539919e-04,7.940527958382107357e-03
1.067111296373488977e-01,3.015377746131384679e-07,3.200963987706463065e+00,2.653711558697103845e-01,2.720225800475937206e-01,1.420088090898393718e+00,1.392777846346256740e-03,1.608333333333333282e-01,-3.804094767632785334e+01,3.594196334962894424e-02,-1.032115983249043689e-01,-9.882256534679549898e-01,-5.366388663337859910e-01,2.573483525378382208e-01,-2.698374890602944429e-02,-2.386854231673130877e-01,-7.116277051585810642e-02,-2.916907021458829408e-01,-3.048277408033834845e-01,-1.183424567045388842e-01,2.391034544879134249e-01,2.344074096420038431e-03,1.645569312527188008e-02,8.293845925135535230e-03,9.074011763376601397e-03,1.609517008705960150e-02,1.465444123479731769e-02,1.186835604834442746e-02,7.824620017704130709e-03,8.421657732241192088e-03,1.200328853766367354e-03,1.036685253238180289e-02,1.194352952183664034e-03,5.133859613156542198e-03
9.087119633180491818e-02,3.626747741370831347e-07,3.248525955328971371e+00,2.524501013300249341e-01,2.750073874499709969e-01,1.135710471729045379e+00,1.430044332158567902e-03,1.499999999999999944e-01,-3.748871269308830279e+01,4.058864966829786591e-01,-2.805555438925667611e-01,-5.579262071974083748e-01,-5.749862474620703878e-01,2.834184323673971106e-01,-1.395576044261172266e-01,-2.982097997620689611e-01,-7.576224183169374959e-02,-3.195628995942312867e-01,-2.010664818947365262e-01,-2.619606447273045147e-01,1.753235401733582166e-01,5.991898055868539671e-03,4.920367499722725149e-03,2.727965061962988810e-02,3.267636783068439063e-03,2.176453762725787805e-02,1.357986268061898809e-02,3.844349060380693878e-02,2.495681608816743141e-03,4.747065082657030491e-03,9.872298473217218720e-03,3.761513444904647594e-03,3.613196308307981951e-03,1.109505079734517466e-02
9.420591913297207687e-02,5.158921735096074105e-07,3.216891055194286864e+00,2.314219881386050670e-01,2.596489769573891992e-01,1.132017158587663719e+00,1.246014802390161191e-03,1.424999999999999878e-01,-3.701647655590425501e+01,2.420446280130690853e-01,3.073514595514663106e-01,-3.091367827897341103e-01,-4.259675501068000969e-01,5.694621415004135212e-01,-6.790853647987897534e-02,-4.478822724860983540e-01,4.974293201921974744e-02,-2.697691854283980617e-01,-1.716708711341971283e-01,1.241903504784566334e-02,3.956707927683615622e-02,2.505286565045704468e-03,5.308140472837387554e-03,2.196617489906384224e-02,1.214463218054384445e-02,1.662293213617073440e-02,3.538179187558288582e-03,1.016497762369872326e-02,6.133891844989868697e-03,3.765311945151324311e-03,2.083620043439464269e-03,5.696264126984427675e-03,2.407270775127827792e-03,6.058780961426994162e-03
9.462275948311796303e-02,1.291391156927214075e-06,3.176753314448129473e+00,2.041339548736494924e-01,2.399678745621848241e-01,1.019187678520761864e+00,1.331164879107817707e-03,1.333333333333333315e-01,-3.605418098646330805e+01,-1.236519065709411891e-01,3.143240799809706720e-01,-4.448979086205075983e-01,-8.515540742217847514e-01,2.609880424835073209e-01,-6.070959660514892858e-02,-4.029017485102435736e-01,1.561807905691492138e-01,-3.680633641695850167e-01,-4.946208968038064979e-01,-1.073372599451733467e-01,3.316620246528607235e-02,4.247128438913523769e-03,6.755796542510084275e-03,1.513678240506249363e-02,5.419394129869686307e-03,9.146625572459701412e-03,1.005446662462586467e-02,7.076863532514200347e-03,1.797628630993494984e-03,2.223303413023826336e-03,1.851636812823047405e-03,1.404709228602921654e-02,3.726825864877947054e-03,4.344745518966860488e-03
9.212171738224260442e-02,1.486582716394728226e-06,3.156169222348901737e+00,2.037922904201896479e-01,2.311525486927231698e-01,1.100105223820402323e+00,1.800481206045375033e-03,1.366666666666666585e-01,-3.631712812890192055e+01,-5.011841375572037016e-01,1.177178715349051080e-01,-8.761472542412044318e-01,-8.550807645634497245e-01,1.541118791474752336e-01,-4.348197792275701468e-01,-6.486905631823490781e-01,-3.720794182454574550e-02,-1.822227617452612525e-01,-2.933246473361060258e-01,-1.048760443608838522e-01,-9.294338213458480658e-02,3.078671832918139246e-03,2.736420005779669103e-03,2.774586984921822378e-03,1.227859499010700581e-03,5.027273011097017907e-03,1.157992399679964347e-02,4.633446645425746968e-03,7.213071965537280923e-03,7.340707942475988880e-03,2.659868649523349730e-03,3.166374257073170054e-03,2.049501830666178217e-03,2.825679613495440858e-03
9.087119633180491818e-02,8.737016651595966771e-07,3.059961715963137596e+00,2.165030824713359558e-01,2.538322571057420318e-01,9.425071777839969522e-01,1.576721530001492025e-03,1.266666666666666774e-01,-3.636375680246286635e+01,-7.910433767674616284e-03,-1.684028375349984619e-01,-4.360156027831290082e-01,-5.572621734656059145e-01,3.933538787720660679e-01,-1.488837901746790648e-01,-3.422968021533288052e-01,2.865063577600747702e-01,9.154876843742326686e-02,2.569986996661922096e-01,-1.460979131542855525e-01,-1.224010567220634588e-01,3.790091317073029931e-03,1.552288002928737219e-02,1.647007989852211293e-02,1.547497678075509912e-03,3.856651641247486103e-03,5.304370608671735501e-03,8.119445004031193222e-03,3.657816503314485074e-03,2.095594203022426924e-02,2.742170102133977428e-03,6.102456795386934293e-03,5.689039566260191416e-03,6.020938290584574616e-03
8.837015423092955957e-02,5.382625134633736758e-07,2.891610627719967574e+00,2.311119352420969719e-01,2.733579719033414346e-01,7.055049707283341798e-01,1.528813830798127953e-03,1.024999999999999939e-01,-3.703192416165381928e+01,7.300856206928634240e-01,-1.626246817478062268e-01,-1.307526246396798764e-01,-3.562559351477354030e-01,4.470847483761368757e-01,-4.304205278287556169e-01,-3.988308028293459095e-01,6.179027069684558393e-01,-6.620889692698876672e-02,1.756458324321625436e-02,-2.808552324691703794e-01,-2.036371727757789463e-01,1.075789690175523762e-02,1.020977198724179295e-02,1.689619692566508846e-02,2.599956870510334098e-02,1.802596158441462483e-03,3.116215245981830261e-03,8.005192930847023977e-03,5.331760518181262280e-03,1.337794657703939537e-02,1.886480930343951241e-03,2.772040322234109108e-02,1.515903105797944406e-02,8.307475630054992483e-03
9.212171738224260442e-02,1.006050455066983890e-07,3.077298364706303690e+00,3.380665248295112724e-01,3.013147240797207083e-01,1.451212111830100460e+00,2.420875125676528062e-03,2.399999999999999911e-01,-3.969319283191812531e+01,1.489081336276506518e+00,1.753687797284259331e-01,1.757970050566012299e-01,6.718896050915248996e-02,4.596376061481177028e-02,-3.716175211527235067e-01,-2.609618862460966748e-01,1.486834054894020374e-01,9.490387573917431763e-02,7.695740774444732868e-02,-1.025743288394665997e-01,-2.009964811946723107e-01,8.011452730225116989e-03,3.236682610688049449e-03,3.355867909652983372e-02,5.938541651667135490e-03,5.411941595130217650e-03,4.397212573733180058e-03,6.075839222024442127e-02,1.153113954684466128e-03,7.411550473537175006e-03,4.779700704598460748e-03,9.048246558877334755e-02,2.809643854684190298e-03,2.726462596981357039e-02
1.338057523968320117e-01,2.404362089312273438e-07,3.011208454103402321e+00,3.023787242188497593e-01,2.641775493036707112e-01,1.999427643105547547e+00,1.292886229703996311e-03,3.258333333333333082e-01,-3.859678549366999079e+01,3.652935534576423060e-01,6.122652373132585479e-01,-3.476588957886684317e-01,6.465526634833795860e-02,-4.507647203356695553e-01,-2.657351920508283505e-01,1.092504290297023478e-01,7.409368988629791430e-02,2.368653183777472415e-01,-2.560931379858117363e-01,1.228515267587794446e-02,-4.599889015074442450e-02,8.346726891275234664e-03,2.867380013096999716e-03,8.073124137857065272e-03,1.062466643716943049e-02,5.225677689157900638e-03,3.665247801597203928e-03,1.516472041877814717e-02,4.734241260156107738e-04,3.189686230292824911e-03,4.128124863485770242e-03,3.071357785774501623e-02,3.130331387551120188e-03,7.882287130388822977e-03
1.579824927052938810e-01,4.010736679600069676e-04,1.691315197632169864e+00,2.152074945750709900e-01,1.689529358424458616e-01,1.815766581579588923e+00,1.640245181527273926e-03,2.600000000000000089e-01,-2.844564164947068363e+01,8.931923751887901330e-01,4.568445752672062876e-01,-3.443747370755808612e-01,-2.908637009549036034e-01,-4.495632985811170990e-02,-2.598564111057856119e-01,-2.461061919775711648e-01,5.411501046722502206e-01,2.338665610787020455e-01,-3.298370944365666135e-01,-3.092761534745155361e-01,-7.704697936717415374e-02,4.019463682563876109e-03,3.243265192729132083e-03,1.199532373768928163e-02,4.893141741705389972e-03,1.878973502594367311e-03,2.970637223801702361e-03,3.971752456400250327e-03,4.674519522998698412e-03,6.075113076946472672e-03,4.898245447157693541e-03,8.349889303719458533e-03,6.662119200076870203e-03,2.615131581942911967e-03
2.876198416006669339e-02,4.260314691156950884e-02,3.162460071061084399e+00,8.592184677239915469e-02,1.165502534840434090e-01,2.200310176447500821e-01,1.483192075280158340e-02,6.416666666666666352e-02,-2.285606491681116026e+01,1.111206775696505167e+00,-5.751336200491856676e-01,-2.265832478157415314e-02,-5.933982299319738862e-01,1.824088726305735930e-01,2.993116942248739143e-01,-7.706735976054311932e-01,-2.264637760704764913e-01,-5.748780077739078509e-01,-1.119588560805861999e+00,-1.874449314969747482e-01,4.010654165296177465e-01,2.483798981308730624e-03,5.847371685830231878e-04,5.280827623068143177e-03,1.573958448862498513e-02,9.592681304010454435e-02,3.337334612629856961e-03,2.723905501616235084e-03,1.641259262282025039e-03,5.915991758771218384e-04,3.335845152404119315e-03,3.197035138975298785e-02,1.585385520210166529e-03,2.624744292960601647e-02
3.959983326385994179e-02,8.363719652405279814e-02,3.294353559625331496e+00,8.876026964714341105e-02,1.257717066844999121e-01,1.825440089270725097e-01,1.326700460503244840e-02,5.333333333333333676e-02,-2.234010528444732557e+01,1.088534139573223980e+00,-1.211667959518614612e+00,4.415416507277821756e-01,6.604479800125975242e-01,-6.141021252767622229e-01,2.750971965447392975e-01,-8.686676811621285577e-01,-1.753596990243387332e-01,-3.298922516989767906e-01,-5.847174191686710376e-01,-7.460288131219692254e-01,4.357219040110394404e-01,7.967866587217910463e-04,2.676026834039565571e-04,9.532984513984219324e-03,4.151415368266675454e-02,9.728016267444065945e-03,2.475273970796123234e-03,2.530669051467831707e-02,1.341803287827815104e-03,7.928545607145467966e-04,2.954256134857745006e-02,2.233710808948060830e-02,5.072809699641014783e-04,1.353747363696667858e-02
3.876615256356815559e-02,1.023599178595013537e-01,3.281348004821679876e+00,8.210450011882268473e-02,1.159340984271828023e-01,1.432456084510265182e-01,1.935031493075857825e-02,5.083333333333333454e-02,-2.275999063997202043e+01,6.673865765381231663e-01,-2.518727622845077452e+00,-2.723566079744591528e-01,4.988367463176194283e-01,-7.915449405499841440e-01,7.056106880339767518e-01,-2.758752063188840697e-01,-2.749495488302978186e-01,-3.054957121675468401e-01,-8.495209577804042622e-01,-6.706547779857225944e-01,-3.526502687804286551e-01,5.550435600922823051e-04,1.062826552392122500e-03,6.099941111535499283e-02,1.468036634092556060e-02,9.018458960058136752e-04,1.875969542463114476e-03,1.592891610143022402e-03,7.190601366380459198e-04,1.694503182609606020e-03,7.227314963410105472e-03,4.212609367675345436e-04,7.759925633389837306e-04,1.655302121770932042e-02
2.917882451021258997e-02,3.797543436206768375e-02,2.932867224506574999e+00,7.162148810109826569e-02,1.085867822277469530e-01,1.080398746050652836e-01,9.343990645799184896e-03,5.166666666666666630e-02,-2.293764737944585619e+01,1.797266028157562090e+00,-1.620678777129871184e+00,1.046324981079138905e-01,-2.142330392349815760e-01,-1.621672291256856802e-01,4.867939364665788138e-01,-2.339740339109067369e-01,-4.894201903558572653e-01,-7.992906530834124890e-02,-9.627107393612014397e-01,-5.905550667422283517e-01,-5.576856936276088916e-01,3.154330887628916877e-03,1.146921752628395118e-03,3.480515183705024801e-02,5.040335696551275640e-02,6.619869975479150161e-03,5.581205401055233835e-03,1.825808797068344865e-03,1.385702823277998232e-03,8.184628682578782774e-03,3.649792668460460823e-03,1.350591827914385864e-03,1.302419036895265895e-03,1.510792669086265250e-02
1.375573155481450531e-02,1.403203391397652225e-02,3.303405949400796349e+00,1.153733530945039581e-01,1.948437856508144495e-01,3.738482276114612340e-02,1.914061060369482217e-02,1.750000000000000167e-02,-2.540566500257333260e+01,2.728132652883855869e+00,-1.675331868552385473e-01,5.513612326948288400e-01,-6.134243808334041148e-01,-4.271919660346777947e-01,-5.887165033122092606e-01,-2.117310010050308389e-01,-2.757042612079710908e-01,-4.247878203330253122e-01,-6.990930803770321056e-01,-6.245314629182563415e-01,-3.831574121982776471e-01,4.788743951720116597e-03,7.138446586286378934e-04,5.261040648949666387e-02,2.032449705990506117e-01,2.575520746961644861e-02,7.514403691195123934e-03,2.894531931581402397e-03,6.687313928041285435e-05,1.176927837666815174e-03,1.811925749056423696e-03,2.115523647353138338e-03,1.346478908519130498e-03,5.562942798947444895e-02
1.850771154647769812e-01,1.181109658495320749e-02,3.277589347338271786e+00,3.528537241914286859e-01,2.161595992003269573e-01,1.327192749040050357e+00,1.510960618142059321e-02,4.766666666666666829e-01,-2.735180691947972065e+01,3.263503705726344073e+00,9.586324589823349562e-01,6.722732207350727851e-01,-5.036882043131963860e-01,-3.280339485986740189e-01,-3.689648039791637579e-01,-4.181016449375168920e-01,-1.082549791418355445e-01,-3.540100707408179725e-01,-4.321033623017142000e-01,-4.720607920912496813e-01,-6.598745645489366707e-01,9.049474948424431064e-03,6.609048849771284985e-04,8.056417933236294238e-02,1.211169412379668880e-01,9.420403133652655719e-03,3.692905420723929018e-03,4.003063134379657856e-03,4.683235563114717510e-04,1.304500706926106082e-03,1.945694448592069940e-03,2.743401565586337659e-03,3.789426034113225952e-04,3.737006452326106093e-02
1.137974155898291012e-01,2.976337698415280897e-02,2.740132841093822602e+00,1.845572731313174786e-01,1.917118597493064625e-01,5.831857716296208194e-01,9.325496975062805630e-03,7.000000000000000666e-02,-2.360909825344207391e+01,1.415168075968977313e+00,-3.251271920027750673e-01,-4.145300106467147416e-01,-8.556321699023822225e-01,2.595469362917242062e-01,5.236609710108051097e-01,-1.058704024231488683e+00,-5.807752390240420448e-01,-7.676542618370426618e-01,-5.364956340929295520e-01,8.926466112708375533e-01,-3.712646241371123784e-02,4.897476276917420200e-04,4.059472165831413222e-04,1.293244830554212896e-03,1.843894037345158998e-02,6.056088274396898008e-02,5.663068782957635106e-02,5.006010574798470079e-03,9.217718150519440623e-04,6.875638333997668820e-03,6.875039657750708173e-04,8.030693170644621470e-04,1.026624419625804009e-02,2.081498042402049609e-02
4.043351396415172799e-02,4.466952029632095117e-02,3.113415193090921740e+00,9.433657583378243783e-02,1.331066066315850227e-01,2.280277172537443497e-01,9.385213963730669809e-03,6.833333333333332926e-02,-2.307263945565503249e+01,1.219460192922988684e+00,-3.882845999383165991e-01,7.454585263978530385e-02,-7.356443522743966179e-01,9.400189080680078080e-01,5.167287580302378780e-01,-5.712285684670289632e-01,-7.196758293283390673e-01,-1.045932103750657483e+00,-7.906125328042450384e-01,3.646786984271100374e-01,1.644830755624827612e-01,1.137730357804899199e-03,1.163941123171240719e-03,2.624786548231227822e-03,5.176237076620011750e-03,1.142905808787463701e-01,1.616667705369241245e-02,2.536784279624304875e-03,2.266526393207217698e-03,6.821096823313909036e-04,6.650632602296696529e-04,1.128541659262400666e-02,6.801590536722833648e-04,3.082499069804687380e-02
6.752813672363484898e-02,1.022740465647891533e-02,2.994827959484216429e+00,1.632322594031400953e-01,1.858421250680155901e-01,3.682667301438115603e-01,7.389072334310042324e-03,6.583333333333332704e-02,-2.490421924347200999e+01,1.135506365810896368e+00,-6.761491521626394885e-02,1.163688932109662871e-01,-4.480960632458226289e-01,2.226021255274553134e-01,-3.459721500748933476e-01,-7.696250213048588806e-01,-6.773537447519260013e-01,-1.066002586113424133e+00,-7.715056121872748696e-01,1.185750725544744699e-01,2.172061376878914596e-01,2.696948394511345694e-03,5.211247995183735781e-04,7.698473515254603688e-03,6.544039979698297593e-02,1.543950776765442012e-01,1.108518517188697601e-02,2.241826696468567862e-03,2.914820843689743977e-04,8.021496725345044800e-04,7.132471693866067070e-04,6.686575575748054424e-03,5.018321805815702209e-04,4.380257428701098132e-02
4.043351396415172938e-01,9.874380853804820557e-03,3.025282310902579042e+00,4.405241031543546959e-01,1.593371776491798175e-01,1.781896191793210793e+00,1.136857231540355957e-02,5.500000000000000444e-01,-2.930645196346531378e+01,1.134292378650678002e+00,4.067935594863233417e-01,-1.244108504687711225e-01,-2.636610020214365524e-01,-6.356946457377620624e-03,8.914444293342800585e-02,-1.742776587960963575e-01,-5.276339528084968977e-01,-8.012087360544269954e-01,-4.608305076936167755e-01,-4.371607904878080375e-01,-3.479483757999075610e-01,5.445064021301518169e-04,9.780281670609406645e-05,1.036959138819168241e-03,4.305094670033446022e-03,1.288153859822938540e-03,8.637790681340948946e-04,1.038126301867167440e-03,1.272292114731771292e-04,2.133293202109033963e-04,2.715432062522290667e-04,7.311418077381366155e-04,4.191961058995597269e-04,1.090724208351008268e-03
4.380992080033347391e-01,2.487144321735476268e-02,3.256584575661247705e+00,4.593285551316817483e-01,1.326078943698070778e-01,1.369380548299171663e+00,1.467225059420405181e-03,5.250000000000000222e-01,-3.119483034943457511e+01,8.553207540538406706e-01,4.531405189631645403e-01,-7.489595578618878091e-02,-2.452446469379900296e-01,-1.421425298054365127e-01,-4.038006939704539833e-01,-4.681727082200144441e-01,-4.684884999167730490e-01,-5.521029123291565366e-01,-3.536924020430096127e-01,-5.825057182798814015e-01,-8.171885386897267955e-02,1.604222953876810204e-04,3.400613187358735327e-04,8.155951542099194786e-04,3.042150967856249114e-04,2.663920039350350303e-04,4.680770627399878040e-04,2.500207384971661379e-04,1.246512345486991847e-03,5.264401930198961898e-05,1.721250742263704075e-04,3.278091040754089677e-04,2.344567783983338735e-04,3.172102201769193470e-04
4.210087536473530734e-01,1.984943264175790048e-02,3.089574641828672696e+00,4.408035335142493349e-01,1.299996640275696558e-01,1.006565328154807037e+00,2.357404313573349588e-03,4.408333333333333548e-01,-3.178802580595231575e+01,-1.807331639062414175e-01,1.036426001768941535e-01,2.743712616043510466e-01,-1.402937785336893228e-01,-5.997732345952459798e-03,-1.412476607194630140e-01,-3.201338896880115414e-01,-2.932949973080383188e-01,-3.408495705789794106e-01,1.275135215894849794e-01,-4.312193011790097508e-01,-1.822787089508233205e-01,5.427733008384699010e-05,2.432283015363310026e-05,3.196885792996344050e-04,4.636028452067092248e-05,1.367197192887392102e-04,2.073866414242953743e-04,1.933857779325276818e-03,2.540948216456448698e-05,6.082714574410472106e-06,1.388168314041637159e-04,1.530817312405901404e-04,6.677742357497422311e-05,5.123304968005810024e-04
1.087953313880783701e-01,4.558652902464302437e-02,2.534338441764232286e+00,1.554333293680820183e-01,2.072275348027541320e-01,2.065040788251077120e-01,1.964105836339549369e-02,2.166666666666666741e-02,-2.324065978766919471e+01,1.965142746294710197e+00,1.962569637735299966e-01,-6.801112455691572523e-01,-1.064094375577228746e+00,5.885284558778972608e-01,4.453869921404692289e-01,5.132450267012839823e-02,-1.787853854174016321e-01,-7.191718194571881106e-01,-7.710456109975751815e-01,-4.875239269648397600e-01,-7.141022417571950553e-01,5.295917516067712681e-03,1.054549111751278481e-02,1.022455728044989326e-01,7.316913420754184161e-02,4.505820960885654688e-03,2.444230282566298845e-03,1.905805009365544580e-03,1.183449560820716518e-03,1.819319506833331178e-03,6.354333343660181896e-04,1.411257525385347820e-03,1.243959997745623961e-03,3.219139392752558282e-02
3.709879116298457624e-02,4.087060588035214270e-02,2.441748332809962729e+00,1.131280005537188549e-01,1.756598975292361919e-01,2.784920710913023623e-01,8.995456221966461469e-03,2.916666666666666713e-02,-2.272519555537078872e+01,1.867137565023563761e+00,3.596352120845394129e-01,-7.988302883215393502e-01,-8.340530258329088564e-01,5.836126665282510562e-01,1.650010319305473538e-01,3.014860365844923562e-01,5.744115817265384866e-02,-3.027121363587411129e-01,-5.035999567134760158e-01,-5.474371584734942786e-01,-1.011786798136992127e+00,5.549966722035988564e-02,6.743978982569286129e-02,3.532613664660753244e-02,3.380810730831605715e-02,3.172599224476703623e-03,7.813671557508165832e-04,1.988694151657259719e-03,6.610064426791716248e-03,4.923730990958484835e-03,1.209357256090893163e-03,8.807924302857731910e-03,3.176954746318197843e-03,2.246548400076071872e-02
3.668195081283868314e-02,4.489317492354345795e-02,3.111298765745261541e+00,9.399972406039854012e-02,1.024116399793347232e-01,5.315163235582033296e-01,1.293966760172158594e-02,1.108333333333333393e-01,-2.311996042598969225e+01,1.236464515214199311e+00,1.012055517903290180e+00,-1.207428100804401438e+00,-9.877314520470236170e-01,7.186625154913556246e-01,1.236741639484903177e-01,2.591960856519489598e-01,-1.249546716389283718e-01,1.358625466771926429e-02,-5.588949950936799964e-03,-8.408558594708298584e-02,-6.095824720442835076e-01,2.688306811531427851e-02,3.340816123711168404e-03,5.357326355985180498e-03,5.242200094008683461e-03,2.882524675259854133e-03,2.517317324285225227e-02,2.042606321255302504e-03,1.488204613325747744e-03,5.282736946021928228e-04,3.833992615961179240e-03,3.191012876267469017e-02,9.511717430175810339e-02,2.591291886309797510e-02
4.710295956648603843e-02,2.992924697856405927e-02,3.113460983174168639e+00,1.153192459245003104e-01,1.250849061515859340e-01,7.492430623584189764e-01,1.106401073634834427e-02,1.325000000000000067e-01,-2.365223540411051317e+01,1.014974171916715795e+00,1.182634352264705591e+00,-1.363788158742550438e+00,-7.052187070022930548e-01,4.927814706269813549e-01,-1.343449463348249384e-01,4.277762113612547101e-01,-4.264397977545524299e-01,2.808761170587567024e-01,4.128597254843923564e-02,1.864397060645458792e-01,-1.827214622265004029e-01,1.654059978773226355e-03,1.946597921181085402e-03,1.331797868279388942e-03,1.117305315963169551e-03,5.679463471777544681e-02,3.172628513979678950e-03,2.039307822139652115e-03,4.669516728298484312e-04,4.462564061784181206e-04,3.432181717635415102e-02,5.333517789641370466e-02,6.663045175774622757e-04,2.083894283162691236e-02
2.751146310962901062e-02,1.382577606774490313e-02,3.296185246818529535e+00,8.284998052784239841e-02,1.348636652839780847e-01,1.655495111922979656e-01,3.262163660420629163e-02,2.249999999999999917e-02,-2.676304699151259925e+01,1.830412255654183307e+00,9.694498240073519124e-01,-4.021284219509045910e-01,-4.406032810305417491e-01,1.159876419271618220e-01,-3.941401223154051836e-01,3.472026883194762603e-01,-5.829192102000069209e-01,1.810950937892716606e-01,-4.447939123267704020e-01,4.851416535826640342e-01,-6.071889441626386885e-01,2.538849949383684655e-03,1.084528111934631616e-04,2.133729059141066184e-04,4.681593382533747469e-04,2.130700019714693375e-02,5.736548522047240728e-05,9.345886017359803562e-04,4.779018618353262260e-04,2.330921696181810564e-04,4.778402775989246815e-02,1.652172685020782683e-01,2.378262298885924113e-04,4.587923872385069046e-02
3.084618591079616584e-02,1.085213506387886113e-02,3.293360583027264532e+00,6.053669994542716648e-02,1.193704847750754194e-01,1.999607268793760217e-01,1.219794770488438242e-02,2.249999999999999917e-02,-2.606870898905200917e+01,2.926372450582532814e+00,6.182802783513424716e-01,-3.132473068149931317e-01,-1.310962431043586063e-01,5.245560665354392915e-01,-4.730653339354262688e-01,6.237510653631050950e-01,-3.122802734110539102e-01,4.296534609526663773e-01,-4.774256378137915480e-01,7.860980171380772541e-01,-5.140465347686796749e-01,1.379997461993951770e-02,1.255392338374554211e-03,3.310071486808403417e-03,7.198407009224003271e-04,9.346559497800409344e-03,1.122297163111578028e-03,5.625149190380217094e-03,1.242920106468757102e-04,9.046089939227387050e-04,2.794655842543582527e-02,1.667951440230166504e-01,1.572354756079759764e-03,4.511387155439684771e-02
1.333889120466861221e-02,1.033715601566331278e-02,2.723983963929244023e+00,6.165567039306416725e-02,1.226711379094115317e-01,6.323338442650870694e-02,1.215271341001382573e-02,2.833333333333333190e-02,-2.459283869209825113e+01,3.104383671527902511e+00,-7.831023138660274663e-01,9.876977274362383485e-02,-2.028559816325860299e-02,3.064880098313453941e-02,6.918409546662871445e-01,8.890207687093912292e-02,-5.488875960500624318e-01,8.492278378002119377e-01,-8.758758574753386372e-02,2.265634331572338039e-02,-7.865020945531012719e-01,2.105790407838686873e-02,5.261634306877600864e-03,1.079754617571964878e-02,1.827214291080130667e-03,6.364373622766133359e-03,8.008039741477554485e-03,1.732000924211319487e-02,7.721814977674676915e-03,7.747356872614001404e-03,3.396538653475726643e-02,9.998286040126461161e-02,8.087241636410053350e-03,2.580949377828432520e-02
4.460191746561067289e-02,5.650569898425542026e-02,3.308577669169098900e+00,1.185221832222379534e-01,1.624588326811365335e-01,3.954853010664864388e-01,1.381835058869978344e-02,7.083333333333333148e-02,-2.183422814471077089e+01,3.190890393742019104e-01,-8.302379146153741063e-01,3.603644752337709645e-01,2.763600262884054470e-01,2.683649120481932937e-01,1.320617953202454509e-01,-4.621282020649266076e-01,1.271161687105687998e-01,3.252737471863841323e-01,2.691378279889738989e-01,4.687980780821640048e-01,-3.561744189404804084e-01,1.603042589819253820e-03,2.810630936314281042e-02,1.146544134356572734e-03,3.347872528841967831e-04,6.165940916210750460e-03,2.998102239965027335e-03,2.106022552802558866e-03,2.490062969449579559e-03,1.317339767200221591e-03,1.037930696435852840e-01,2.161948894017002784e-02,4.445077048762883891e-03,2.817871166395817875e-02
4.543559816590245909e-02,6.210167892553859759e-02,3.298471942702440707e+00,1.208275356213291407e-01,1.592458527140339919e-01,5.067642158840672817e-01,1.034181864997557945e-02,1.033333333333333326e-01,-2.190210401166887166e+01,3.999427965736612189e-01,-7.358271144129882035e-01,-3.323311823511528873e-01,-3.506421752639333200e-01,2.981064248531896110e-01,-1.438702115219803734e-01,1.008291313754927365e-01,1.556803049018092855e-01,-2.595187198549798180e-01,-4.464972609274552862e-01,-1.473050382146443293e-01,-5.645713186545185946e-01,1.099279500307951025e-02,2.169058610617450450e-03,2.022993878804513809e-03,1.275886660245862921e-03,3.715682890447842730e-03,1.838067201147136967e-02,8.039396081247500350e-04,6.814005880859703469e-03,3.758165512577357021e-04,1.153497062600419322e-02,1.843215286842831563e-02,2.420144740476192456e-03,6.387020701447469750e-03
3.376406836181742449e-02,3.353219949368883152e-02,3.183172750264012585e+00,9.547922000181904845e-02,1.244365407138768032e-01,3.653527155500209123e-01,9.785939250135372927e-03,8.083333333333332649e-02,-2.283897566632381526e+01,1.183131022953294309e+00,1.268402196511658475e-01,-5.687698758779317076e-01,-4.833073370323616724e-01,4.745129578757081856e-01,-8.949929102072054499e-02,3.933423786841033221e-01,-3.053459760599744333e-02,-3.750770715729528221e-02,-4.966162141133560054e-02,1.353783587916373432e-01,-4.937413153447463565e-01,2.033206017611153410e-02,1.281234157212662612e-03,2.300548620576678069e-03,1.279686426941362620e-03,2.544201006851070333e-03,3.268927218148345165e-02,2.375454095058076795e-03,1.515513020868207352e-03,1.868205647181782564e-04,8.179449207462479582e-03,7.403372944352590301e-02,1.401004657963594337e-02,2.060822435890080975e-02
2.542726135889954164e-02,9.247235617384370540e-03,3.158403266793953890e+00,1.110481937368312383e-01,1.679862577980971716e-01,2.168536406137148431e-01,8.479207590328897634e-03,3.166666666666666935e-02,-2.456983929794038346e+01,1.927811093297056910e+00,1.123958034906101383e-01,-1.368854705098789537e-01,-8.221861525555715922e-01,2.551578296960683723e-01,-4.988249919949943045e-01,-2.558750453759542909e-01,-1.615151437580771288e-01,1.972098732329730097e-01,-3.415936306114275480e-03,3.927673523857089233e-01,-6.175267768199323992e-01,8.657646779022852915e-03,1.763673148780061728e-03,2.468345908060324678e-03,1.425842725372139172e-03,1.961039853330394031e-02,4.721516080372139754e-03,3.583519987202527478e-03,1.044725048028534962e-03,3.382604744244388766e-03,4.716896509884611205e-02,1.151844033448249788e-01,7.428810278867096183e-03,3.183564500282967669e-02
2.042517715714881055e-02,2.857145713415015081e-02,3.306005118969322254e+00,9.547200993001941915e-02,1.547511218613761008e-01,1.887864193565530480e-01,1.820900674314676268e-02,2.416666666666666616e-02,-2.448171318974655364e+01,1.671751387506002384e+00,2.293453682990889975e-01,-2.051054176123489892e-01,-4.941078763067307533e-01,6.801075652828463269e-01,-6.082004191979917956e-02,6.255154438884769075e-02,9.291942393320012927e-02,4.142080572610921663e-01,3.424978384074141291e-02,2.329444591657988187e-02,-9.738146518397129414e-01,2.779256606986919842e-02,4.898746186885552002e-04,2.034128917086954185e-03,5.803115079131376764e-04,1.062209206167101343e-03,1.687251810746356537e-02,1.755365693178003112e-03,2.166501389536024894e-03,2.109074323109421496e-04,2.532935350046756386e-03,1.799751197121084723e-01,8.899157157369323723e-03,4.879461114420245021e-02
8.753647353063775949e-03,4.489248969030133415e-03,3.270259378413949758e+00,1.247763922159067368e-01,2.067329426157451799e-01,9.795236986176866778e-02,3.000780678649720562e-02,1.583333333333333467e-02,-2.705616676900427819e+01,2.806769760403650338e+00,6.215893760856971983e-01,2.532491887434317746e-01,-4.589569676970431389e-01,2.624628139194635779e-01,-2.323236510295941526e-01,4.915050296545493691e-03,-1.215515063978917371e-01,6.929343674709936840e-02,-3.426339546207071707e-01,-1.440075237847733836e-01,-3.822925889555845447e-01,2.906489568217561492e-02,6.374934213452258976e-04,3.181115975823363071e-03,2.165514305766661016e-03,3.197515585773147168e-03,2.696137554838419492e-03,3.695304163118784055e-03,5.968477384700039646e-04,9.048559632874376459e-04,1.234583517196080442e-02,1.894801725170767170e-01,2.155729797789393901e-03,5.142852320781415854e-02
4.335139641517298664e-02,3.995045491826519635e-03,2.891402823059978644e+00,1.692532495473231813e-01,1.779808934974410339e-01,6.209760594580044923e-01,9.703033467455910582e-03,1.116666666666666641e-01,-2.672558075995030791e+01,2.596642420773931370e+00,1.238348014153164867e+00,-2.724318605336328858e-01,-4.348703126224218174e-01,1.433066344581737928e-01,1.001747285018409900e-01,-2.513439689583397696e-01,-3.470917517467795310e-01,-3.426819140044538026e-01,-3.463608962791018264e-01,-3.712249823299620388e-01,-6.207915577437516097e-01,2.313159606223873926e-02,2.125239250577589181e-03,2.812514062506545759e-02,2.643039469385642312e-02,1.005085383046003429e-02,4.371682691007544586e-03,4.225845090078900711e-03,1.390603051325626713e-03,1.693057595552311442e-03,2.597583630180722372e-02,1.117351372479346433e-01,9.817442677069662931e-04,2.961267297959695871e-02
2.334305960817006920e-02,6.881156276826815021e-02,3.262005821564172514e+00,7.438477880534885567e-02,1.069833626511651481e-01,1.210156519351139465e-01,2.791985675422582747e-02,2.833333333333333190e-02,-2.323179725452956745e+01,1.645752815275938197e+00,-4.584551597123981415e-01,-8.266984847338358922e-01,-1.407823943173780012e+00,1.386196399111053190e-01,5.366247130611520033e-01,-3.556034025973742185e-01,-4.051795199277441473e-01,-2.337226678042025885e-02,-9.701556910380813026e-01,-6.669436319574270078e-01,-9.772130750103432684e-01,4.020378811418864190e-03,9.874796485680088776e-02,7.700487388885994544e-02,1.687333368281523829e-03,1.031402446238859506e-03,8.481947512714060108e-04,8.070630994996812885e-04,2.970202327392279865e-03,1.270059359215376313e-02,5.032034674335012208e-04,7.687589114484322727e-04,8.655670882590425731e-04,3.224288074881349192e-02
2.084201750729470712e-02,7.003113995650234180e-02,3.318658712456612925e+00,9.737388515680078793e-02,1.737048262572784274e-01,6.527243885308738058e-02,5.212550851268612714e-03,2.833333333333333190e-02,-2.280565325105436258e+01,2.216854216731844573e+00,-1.234019759549936479e+00,-7.859476888839180830e-01,-1.276017617683903038e-01,-2.640776247851528424e-03,5.805095700129718761e-01,2.175256563439590674e-01,-5.956515071556986451e-02,-1.114844512440393539e-03,-3.289635086646013895e-01,-6.533565071482483333e-01,-1.046861075913569250e+00,1.266478218317726272e-02,9.556751070633660861e-02,3.410928913893788994e-02,3.163743070665871703e-03,2.942652986212294583e-03,1.159825761727765244e-03,3.396270623229241496e-03,8.011737252830915604e-03,4.572730465191301302e-02,1.079069530191331151e-03,1.068334093450455050e-03,1.896790848402116550e-03,2.730538420197450161e-02
2.292621925802417610e-02,5.458315450376260286e-02,3.292186155910685308e+00,1.365919564761764737e-01,2.162868514715267920e-01,1.152265323939658526e-01,1.906529235663740121e-02,3.333333333333333287e-02,-2.257453536216144130e+01,2.063864166491180985e+00,-1.337671217569309512e+00,-7.606508854377713735e-01,-1.935163518034685171e-01,-3.041710620992797431e-01,-1.280606636761092987e-01,7.012900097648669395e-02,-5.002958374688521587e-02,4.163427846079560679e-02,8.516711322221648395e-02,-1.360587352080248058e-01,-9.202568526382856051e-01,5.955168536616346764e-02,5.392618783789357266e-03,1.376343906649367226e-02,1.413407512725573575e-03,3.509591154275203237e-04,8.420582469739108095e-03,7.941847673894712745e-02,1.639221438641189424e-02,2.094166222194021598e-03,2.695973610851402826e-03,9.719804906037118886e-03,2.880933882401451665e-02,2.418192695025506503e-02
2.834514380992080029e-02,3.569195101320454117e-02,3.294068202664807821e+00,7.727948880477737703e-02,1.354740837616978666e-01,7.618566653913735887e-02,1.406754514588530458e-02,4.166666666666666435e-02,-2.303696812076075773e+01,2.131563350789726918e+00,-2.084402420661538358e+00,-7.112451143946066923e-01,1.956625731019365766e-01,-9.997973495145122402e-02,3.579528520986325346e-01,1.315092011563198937e-01,-7.380024368667109647e-01,4.390171081942672027e-01,8.674948431970848362e-02,-6.118079769282974006e-02,-6.107978255180953608e-01,4.889097227283850829e-03,4.273266465634821022e-03,2.746673432094171464e-03,3.165409703071240220e-03,3.280433015846427602e-02,1.276771946333776428e-02,1.035548030854737366e-02,5.060752873785373009e-03,2.107441506927088676e-02,2.746938062088779414e-02,1.451342559233488247e-02,3.552437206679445129e-03,9.820841025632489479e-03
3.209670696123384515e-02,2.063571577195438822e-02,3.082263864385037966e+00,1.017754148202612285e-01,1.737471882766419562e-01,4.828583689461220241e-02,1.179769372012092962e-02,5.416666666666666852e-02,-2.341469180980417519e+01,1.567755541867456248e+00,-1.867368618683310055e+00,2.669609369475388072e-01,-1.908536049678219992e-01,4.888779660989440168e-01,9.782056615625478457e-02,-1.934811876661617913e-01,-3.008458740156064182e-01,2.147605255336713370e-01,-3.413529011278165076e-02,-3.781589392356006774e-01,-2.049356037420103638e-01,1.959247822944442090e-03,2.217036543340412946e-03,1.720031900665295460e-02,3.156420482361830659e-03,1.593869355525394426e-03,3.538140602792937042e-03,8.774137360709048997e-03,3.765603193936625792e-02,5.808938535592502589e-02,1.344993288840630984e-02,3.124391017437588500e-03,7.045000011306019536e-03,1.674337502472362377e-02
3.501458941225510380e-02,7.651661827655070920e-03,3.221019497239074880e+00,6.593589968154567327e-02,9.957181243965150530e-02,2.496307496106272769e-02,1.384011579619637625e-02,6.916666666666666796e-02,-2.493754252138733918e+01,2.035647321320580350e+00,-1.628341324236428411e+00,9.701798784076640647e-01,-1.077611992585683742e+00,1.130327939123504821e+00,-6.728093730322555477e-02,-4.636217249864889589e-01,3.255332865604695924e-01,1.478351960604555315e-01,4.328256980164045253e-01,-3.040278815077574956e-02,-1.517525094064470226e-01,1.506266103031657887e-03,3.020702734329607213e-03,2.971358036519589768e-03,6.817460105550224607e-04,1.279102275009879296e-03,3.453710845825293512e-03,1.149891349515995281e-01,2.847128036949346519e-02,7.698412766173147459e-03,6.554697894347214296e-03,2.402086491338294855e-02,5.423743493161311234e-03,3.087652004488185969e-02
3.001250521050437617e-02,1.525859822210471435e-03,3.043433967076019986e+00,1.208196236372900551e-01,1.912705756065600504e-01,7.345501447963773134e-02,9.546349841839515613e-03,7.000000000000000666e-02,-2.687757083360418164e+01,1.747341526891878827e+00,-5.724153282944474119e-01,8.856439347524139860e-01,-4.939995314996627473e-01,9.292190441602617978e-01,-1.043040065671203137e-01,-3.500314627269924261e-01,-6.087402973776604901e-05,-4.326143069795186924e-01,7.999784605945617355e-02,1.029327544077810880e-01,-1.491122468926665834e-01,3.149345429151280060e-03,4.388183270289824738e-03,5.425222953512800345e-03,8.422373346410839609e-04,2.351348601406554831e-03,6.025126572748606794e-03,3.162945323739338455e-02,1.493321118439620452e-03,2.121864966669426145e-02,1.115863232650549097e-01,7.718421718504251371e-03,2.670865270946586045e-03,2.998440605705414777e-02
1.959149645685702434e-02,3.263999346314590895e-04,3.238177426773464873e+00,1.165407899664323149e-01,1.790060800568964716e-01,7.555349163252779443e-02,8.405656178084230587e-03,6.500000000000000222e-02,-2.963592944739144386e+01,2.116982668416351743e+00,1.315908033285995427e-01,1.177680360155634709e+00,-5.686858010555079224e-01,1.029807688695936640e+00,-6.645035212641053901e-01,-6.226296405603750500e-02,-1.785429954674660202e-01,-1.642196055399237353e-01,-3.199358965275627131e-01,-9.699418630592647125e-03,-4.699382545058784499e-01,1.593250248721621645e-02,1.457044574289158116e-03,9.511013556628273441e-03,4.695203645093504879e-03,4.277932265844858195e-03,1.415927007523762413e-03,8.097396942424442065e-03,6.232886391739834346e-04,2.815938448026879953e-03,8.355005624335598569e-02,9.368869369528709523e-02,1.880446966058431412e-03,3.148340235622117816e-02
6.294289287203001793e-02,2.146425505998466498e-05,2.826303696785639641e+00,1.605294380097937179e-01,2.127542757704815601e-01,2.436563970279699842e-01,8.365136043687271261e-03,7.083333333333333148e-02,-3.236853134706883850e+01,1.312015642800268722e+00,-2.166534692503470638e-01,1.185647455770348691e+00,-5.107869331640710886e-01,6.245401613946338637e-01,-3.417608244570243259e-01,-4.152948675191400207e-01,2.269387562287343008e-01,-1.061434144968397969e-01,-4.607425270809704654e-01,2.267047980302217686e-02,-3.259066266142235935e-01,5.570140677236315105e-03,2.671647878704166805e-03,7.216013184369343865e-03,5.126099934436439964e-03,6.909553791305259735e-03,5.267858212130499193e-03,8.820573173921444909e-03,1.865886586623841928e-03,6.433935393431281478e-03,6.776110830351249337e-02,2.284462039680982756e-02,1.267680350165277005e-02,1.740184181090157975e-02
4.043351396415172799e-02,8.408544847779899438e-06,3.232873616870965083e+00,2.060686975004541177e-01,2.580564229771025730e-01,2.854218312566524918e-01,4.805760920178345913e-03,6.083333333333333648e-02,-3.430379289520301000e+01,1.647730465837337066e+00,1.775641183866668305e-01,9.501054329538759502e-01,1.938376623046801639e-02,4.334054401123005884e-01,-2.947596124713203897e-02,-1.060386905681157399e-01,-1.352433125373904421e-02,1.060633634389973878e-01,-4.339572045345208018e-01,-9.831328588500240495e-02,-4.195546642598370068e-01,8.119454880628252519e-03,5.444775277687229553e-04,6.098904045049543567e-03,1.394694893587133033e-03,5.029674881768561416e-03,1.848236321819810880e-03,1.110714145866600541e-02,4.566648144714666332e-04,4.744897602448617559e-03,7.073846738988325000e-02,1.118974729400281226e-01,1.337918031282450812e-03,3.372810759986656637e-02
9.462275948311796303e-02,1.915072839792879097e-06,3.201640178878059739e+00,2.509164888576863595e-01,2.699368376265837144e-01,7.496200312045395719e-01,3.247725226360953770e-03,1.000000000000000056e-01,-3.528614917708144105e+01,1.642792418454337877e+00,-1.063469932921647793e-01,5.201607251685580469e-01,-9.370578842293493527e-02,4.361111900857793100e-01,1.302519930670948956e-01,-6.813204838431971555e-02,-2.150864613710827822e-01,-2.079046348421006996e-01,-6.220477144511247884e-03,5.744313821322753061e-02,-5.364757831660940113e-01,1.965715694491850657e-02,2.592986398357188631e-03,9.254294385451561009e-03,3.983554929886091132e-03,1.396189197955409467e-02,3.977503654703578098e-03,2.150838252876100670e-02,4.461039006872499833e-04,7.316407200138636165e-03,2.564803724797300871e-02,7.464795604258987749e-02,4.740980719609207833e-03,1.944501772357373759e-02
1.233847436431846634e-01,1.147941678067406928e-06,3.224060706311605351e+00,2.656887852749714729e-01,2.715450409363762141e-01,1.077075668621932492e+00,1.545976147417387446e-03,1.783333333333333437e-01,-3.560453041413695985e+01,1.580160708623598032e+00,1.649157385769391415e-01,1.572278098739263164e-01,-1.631784479567954804e-01,2.773679931606057303e-01,-3.185299654468953245e-01,-4.824616777093405223e-02,-1.365456002649746980e-01,-1.428520832822523581e-02,-2.020797203520867669e-01,-1.415529485977068958e-01,-2.446815022541502793e-01,1.146011186435509817e-02,1.199768609000471248e-02,1.873460275933836253e-02,5.639431196679900102e-03,2.664772578296142197e-02,2.856766925458193232e-02,1.490318078851355157e-02,4.102126502200891325e-03,3.899404831720063025e-03,2.621269601938437319e-02,2.143844730042824068e-02,3.622025347648224081e-03,9.040899639924286982e-03
1.246352646936223357e-01,8.791319724665109310e-07,3.207538862685549663e+00,2.780222194187305096e-01,2.742443375051085708e-01,1.299802971531800910e+00,1.112343772895741561e-03,2.124999999999999944e-01,-3.592464820927972369e+01,1.466076685268973501e+00,6.026641340246450401e-02,-4.458287748669558653e-03,-1.909309617482571886e-01,-1.085887650760108541e-01,-1.087139579863897337e-01,2.771772901278469203e-01,-2.867383687777756984e-01,8.789157188010238153e-02,-4.436057829158947530e-01,-9.016796378516978017e-02,-3.037197222959312493e-01,2.740503442502535345e-02,3.344793447591034100e-03,4.270591338701199696e-02,2.564977606802548282e-03,2.133735725619574988e-02,6.834933255320620182e-03,1.485582036555185143e-02,2.900402359581293835e-03,5.943576368460557965e-03,8.621162161090467277e-03,2.481641420293784206e-02,4.994869778621827475e-03,1.214089980910558822e-02
1.308878699458107531e-01,4.886172078622506587e-07,3.184861932557933706e+00,3.016558928801503225e-01,2.841731609336217712e-01,1.323744768654800508e+00,1.359084153246634986e-03,2.891666666666666829e-01,-3.687763821029943045e+01,1.482539348831488413e+00,-5.597137489449477421e-02,3.209750481898179103e-02,-1.256157628972122131e-01,1.111675201305557248e-01,1.989131230278830542e-01,1.378210792711920818e-01,-3.624899993913924812e-01,-3.095185354834444347e-01,-4.821196164053040967e-01,1.243978528395590227e-02,-1.875939001510810444e-01,7.322947200476463345e-03,1.955854825125468918e-02,2.128871662434776019e-02,2.935060535204346566e-02,5.927425009621735755e-03,1.340603121883675135e-02,1.758873767466209020e-02,3.051998381281988831e-03,2.740426984308016838e-03,2.133387596098601166e-02,1.071303011280998543e-02,2.171387905301378016e-03,8.556168256158187824e-03
1.383909962484368428e-01,2.579409861893037331e-07,3.203226431326664070e+00,3.300148017739104600e-01,2.912812996564084767e-01,1.680606546113647459e+00,1.019847144772437902e-03,4.283333333333333437e-01,-3.777289637274127898e+01,1.589917290434340158e+00,9.030873561267385718e-02,3.277733048762395129e-01,-1.981556594869461896e-01,-2.491707231869152439e-01,-9.532349974279409610e-02,1.609845330949472852e-01,-2.227456150817086200e-01,-6.574214501967123869e-02,-1.246460783928794377e-02,8.994737059263825663e-02,-5.015794394630750802e-02,8.760754571254030995e-03,9.475742502582510871e-03,4.115269344581442418e-02,1.021795675195935442e-02,7.270485189325561447e-03,1.303134281576172858e-02,2.366910697250823245e-02,9.618597672948750107e-04,3.916274059536957799e-03,9.535431657153651402e-03,1.314384824190449434e-02,6.506989320936934496e-03,1.021908757973985851e-02
1.333889120466861256e-01,2.102932952513512837e-07,3.143582061558160667e+00,3.414892106122047744e-01,2.965393291311840263e-01,1.582364832677964017e+00,7.364832840721764967e-04,4.141666666666666829e-01,-3.832754928172849418e+01,1.786298592531194052e+00,2.957370507465327814e-01,1.492087113152449629e-01,-2.488441888129416524e-01,-1.635020147659000667e-01,-2.995249077938188717e-02,-8.482177687579282865e-02,-2.534225169643953834e-01,-2.479421001280195658e-01,-3.160565291383183317e-01,-5.299730508934087647e-02,1.547123440426466934e-01,1.190560166630762716e-02,4.477355684181506291e-03,3.482645088967171315e-02,2.784652607691922438e-02,2.387536009699623221e-02,1.256424848114337002e-02,2.424347659897990032e-02,2.282337652488794770e-04,6.563408770131351662e-03,1.846725230848688878e-02,1.284831002065077443e-02,1.403651569783109917e-03,1.056494222754664897e-02
1.700708628595248018e-01,1.944831493278827412e-07,3.259546015424934939e+00,3.374116740044202922e-01,2.934110538367730725e-01,1.621692946125715018e+00,8.820313578262586668e-04,4.233333333333333393e-01,-3.830850920524665781e+01,1.616255910969104592e+00,6.174254416077428614e-02,1.182321153410582637e-01,-1.867821916284395367e-01,-4.758725289766917166e-02,2.606532702923739994e-02,-4.294446306421251941e-02,-2.978064447518785629e-01,-1.369439398770110339e-01,-8.702240706275828075e-02,4.211798240600348603e-02,-1.085071272138985604e-01,1.266701643792304648e-02,4.268175296112128661e-03,1.603434845161258449e-02,3.221472100083697110e-02,2.941793196835306920e-02,1.939055645989138125e-03,3.705018929277750783e-02,1.157529898094815553e-03,1.115038959581695320e-02,4.431130442588664640e-03,1.553262178770654228e-02,1.701872212152132123e-03,1.212806597761059875e-02
1.117132138390996288e-01,1.406213345760698798e-07,3.200065170195985687e+00,3.494769061601619153e-01,2.964443508880886813e-01,1.787077344428829262e+00,8.364741704582177731e-04,4.441666666666666541e-01,-3.870247948680287919e+01,1.765682341692257573e+00,-8.387801340888784152e-02,3.400407028020462769e-02,-1.738375123061532412e-01,-1.190708784430234701e-02,-1.030300557942400996e-01,2.296752279015779052e-01,-7.995217703533357215e-03,-6.690496223024267053e-02,-8.601886301164947402e-02,-6.413850155972354410e-03,-1.417803996914534514e-01,1.076624719260963099e-02,5.981440600164902345e-03,1.970103522069761512e-02,1.149951180262905222e-02,1.582238210678496571e-02,4.955955882126262396e-03,1.755687399553668149e-02,1.412138594954030334e-03,7.670014678645303320e-03,3.077481995467199610e-02,1.768397306483781781e-02,2.366778469049155790e-03,8.167320535369809731e-03
1.492288453522301050e-01,1.262184886038088881e-07,3.156427784550481785e+00,3.654060603350300362e-01,2.946362887788651630e-01,2.051898331627376226e+00,7.260665512518518208e-04,4.833333333333333370e-01,-3.896970598585733825e+01,1.511656263185471305e+00,2.522112317182175767e-01,1.940157905291231832e-01,7.376528804717358972e-03,-1.030054117443265083e-01,-2.306343468946619180e-01,-1.399550500056798708e-01,-3.490443795468046728e-01,-2.965226105507925425e-01,-1.605313068267610332e-01,-9.373446484093468645e-02,-1.005662888371715441e-01,2.149247847461940517e-02,2.624159912270786297e-03,9.262699945978170035e-03,1.959221365700062473e-02,1.876942198393228428e-02,1.035978829441262100e-02,1.606468133770486487e-02,2.624134061926738665e-03,9.701996752540617552e-03,9.885672963053895174e-03,1.858435201811202767e-02,1.564576000814769073e-03,6.813523632475750741e-03
1.433930804501875877e-01,1.887559272681624779e-07,2.943432416284638808e+00,3.562453927360249017e-01,2.920388556013501780e-01,1.666213384043037316e+00,6.205337575433472145e-04,4.500000000000000111e-01,-3.871739545594556375e+01,1.876050071931344432e+00,2.524512384547396016e-01,4.159392251168955723e-01,8.438700191568553055e-02,-5.688505964944189086e-02,-1.066604146403304365e-01,-2.208120950886048317e-01,-2.077113318143444798e-01,-1.965352245887451166e-01,-1.744124710991106775e-01,3.353655744641466201e-03,-4.565719647588496050e-02,1.375143733233152692e-02,2.429541086793982497e-03,1.454699184346624347e-02,1.117553939655416446e-02,1.282257236851801381e-02,2.260143954706296879e-02,1.661511835049941238e-02,5.643851169812405966e-04,5.263939629178309744e-03,1.095071444032894546e-02,5.863077182354078237e-02,3.501325344385327991e-03,1.469331300377351920e-02
1.433930804501875877e-01,9.169657366255716854e-08,3.125826665555970774e+00,3.737482390790727860e-01,2.916215450621135741e-01,2.169784695577130940e+00,8.612658859028224020e-04,4.841666666666666896e-01,-3.955282366973725061e+01,1.431786584877778212e+00,1.798737028122454062e-01,-8.452105504450474482e-02,-5.496576019523461559e-02,-2.725763050460299763e-01,-2.274729841834982058e-01,-1.883068260253144277e-01,-2.657849127893944785e-01,-1.066624894569023624e-01,-2.231930547072712677e-03,-2.002003286380965585e-01,-3.486567184266083919e-01,4.407171494896038738e-03,1.693683382945745941e-03,1.682314318452866192e-02,1.152260717886836698e-02,2.393280821393074451e-02,2.850333411330798015e-03,2.057008298294599885e-02,2.380616900609229883e-03,2.233197467150688058e-03,1.706153821653793104e-02,1.492367324524983795e-02,8.311870385025404637e-03,7.625061940387303436e-03
1.325552313463943255e-01,1.299389700798243122e-07,3.223664658096281777e+00,3.616975996852012099e-01,2.888961900436658459e-01,1.953145008650047920e+00,9.265611093001816520e-04,4.641666666666666718e-01,-3.912895896289675335e+01,1.411184998214309205e+00,-3.239697977969347997e-01,5.150919971886826904e-02,-2.884620147938642964e-01,-3.590440752291105264e-01,-5.031829716471536429e-01,-3.881518699902767877e-01,-2.456559391661128355e-01,-1.225489701092160461e-01,-2.064351614453570349e-01,-7.851676205614219195e-02,-3.458883440918102126e-02,1.184711458505633905e-02,2.078952333033910142e-03,1.889658495551885600e-02,2.809102907672840488e-03,7.154759014955555142e-03,5.086676129753309877e-02,1.989084382935205411e-02,1.622872678214200759e-03,8.559002379172250471e-03,4.375242384090611419e-03,4.712669153883136328e-03,9.227678126808320364e-03,1.311801068653371989e-02
1.225510629428928772e-01,2.499762147664054658e-07,3.060338242502906425e+00,3.282345138813507757e-01,2.889458254116344937e-01,1.490121551687226376e+00,8.803109650382163641e-04,3.808333333333333570e-01,-3.824442485280371784e+01,1.712224431456963680e+00,4.982155177875256802e-02,3.859641140023532813e-02,-6.210318655318571718e-02,-1.014952528853764052e-01,-3.862407135808902381e-01,-8.756867190994374606e-02,-3.421788675053025197e-01,-4.904270565531499981e-01,-3.913482347405872752e-01,-1.334592827229350021e-01,-2.513050645021699947e-01,1.434617631008273768e-02,7.303057900493458397e-03,3.246237271244688943e-02,1.361406337155041113e-02,1.533635171423214198e-02,2.101879347166044770e-02,3.488550788606133157e-02,4.195329919498769688e-04,2.310218366908516757e-03,1.069062637709958068e-02,2.349730703013756458e-02,8.130731056618805547e-03,1.044245061241150935e-02
1.375573155481450704e-01,1.841982783882689664e-07,3.215381439909079209e+00,3.391414669018025796e-01,2.901359191247884217e-01,1.605550223500208817e+00,9.693245682879951444e-04,4.258333333333333415e-01,-3.858806781211058023e+01,1.758861330986713600e+00,1.869463662416282271e-02,1.365986248243352408e-01,-7.478133122478418382e-02,-2.599438471038261755e-01,-1.515176961722808080e-01,-2.371949856316977190e-01,-3.583029511919718635e-01,-1.224319561969438586e-01,-1.072371358155090743e-01,-7.058118254591147500e-02,-5.438301131885285578e-02,1.860596507996447463e-02,3.067709692406683699e-03,1.589134244673861759e-02,5.696085543007326640e-03,1.648881449231967555e-02,5.523833515926044463e-02,2.581711107851180839e-02,9.810303367557679424e-04,5.314044422929520804e-03,1.623594144215522589e-02,1.914462242850409682e-02,2.907623960956793110e-03,1.424181169709631302e-02
1.408920383493122153e-01,1.013006435521128340e-07,3.130013577510444733e+00,3.562440347751084091e-01,2.926093453942428257e-01,1.951859960868642885e+00,1.092307397436759978e-03,4.349999999999999978e-01,-3.932555136462775636e+01,1.432107722880626266e+00,-1.998256690434435656e-01,1.817612817767413069e-01,1.186096430945583619e-01,-2.357124162213535268e-01,-2.486125366250343388e-02,-3.412554871637082932e-02,-1.367435831799374835e-01,-1.427831101974459671e-01,-2.060336463767681869e-01,-4.966488592811065667e-02,-1.074314779599738895e-01,1.382072604744419113e-02,1.478910318322481602e-03,2.511160608798483629e-02,2.551470354250099173e-02,5.525182986532886642e-03,3.169499492578894441e-03,1.144878894265171851e-02,2.070808635015295492e-03,7.497027330860172450e-03,7.172521765542079659e-03,4.371123212415466142e-02,4.933763692520379447e-03,1.218553644014142880e-02
1.225510629428928772e-01,8.144299831278538122e-08,3.181076187680616396e+00,3.739872393135341144e-01,2.934722987510516301e-01,2.183036591249938763e+00,7.563457201986683448e-04,4.783333333333333326e-01,-3.970623426241199638e+01,1.474745993953509027e+00,2.835822022576497403e-01,2.472596927271761280e-01,1.654311351375691574e-01,1.560593575504670705e-01,-5.071678311666880101e-02,-6.236485002674514722e-02,-1.190491251297438324e-01,-1.619696846654350153e-01,-9.844109672802912880e-02,6.105229801995500083e-02,-1.845007222983467698e-01,8.627490371970756092e-03,3.537233739007634471e-03,1.365055775198885032e-02,4.337741274222368763e-03,1.794739472760201529e-02,8.492205450274129680e-03,1.561434112946439960e-02,2.092102315270882949e-03,8.615624640747736665e-03,1.032752204805665285e-02,3.674646210076493169e-02,2.347057991873184330e-03,9.182468520774183379e-03
